6
10 3
-0.784290250387428 1.3030316980193535 -0.5473844327440766
-3.4043852199090012 -2.9144079903055635 0.3781661822468734
3.052296505509916 2.5095233609895535 0.20255422894097636
3.7761719143880352 -2.113644424429807 -0.11460997819100613
-0.9201371730772775 -2.311099995401928 1.3552922417687814
0.19470613244280766 -2.395899807020402 1.3014761964609625
0.15358582328194015 -1.6410036226539497 -0.505936007885188
-0.4132849406856844 1.6420723340498655 0.6096103978022385
1.1341078571194736 1.5390525701659334 -0.4328381800609765
-1.168897427521169 -2.9144964671355744 -1.5925618054296735
10 11
0.5468492851548268 0.7606238768963105 -0.3647355820855437 1.0343161610061187 -0.4205703165491427 -0.4554995912670415 -0.7686948376788709 0.6410385462563486 0.056421650025364846 -0.5293992532992123 -0.043019036054738516
-0.44541849672653167 -0.7303044427749388 0.8897281450696619 -0.3302840621284286 0.2359695015012983 -0.06188327577992047 0.7800001256375643 -0.991953389639819 -0.007422210716883761 0.5340007928563018 0.06341572788141066
1.4883078456696544 -0.2569855377731198 0.5657754720099742 2.4747883667059485 1.123647770038297 -0.6988496519760337 -0.6486264185621162 1.479268483247886 -0.9739490544989015 0.18883426115798752 -1.2323617715838877
-0.4012576917630323 1.564785442359398 -1.3372650648907674 1.1742400736251895 -1.1610045141023881 -0.8570896624794742 0.05137510032696409 -0.23231965154752615 1.5252291240205378 -1.4051744497095011 0.3271615060284382
0.6599621104795179 1.0968675550405294 -0.7405411149722835 -0.8368705762371046 -0.11997468144130534 -0.039233125140074133 0.2961333804033563 0.3422949508686479 -0.20964543909208672 -0.5480170640794508 0.14820865944212347
-0.6840930697867456 0.2691814883018204 -0.2882520706343807 0.18044977729594827 -1.1328603224363802 -0.4540645215195983 -0.5105908026097653 -1.3104147161821031 1.3836687710824909 -1.8407174968949434 0.11582079348714745
1.062236595471951 1.1591622166116866 -1.416210252770111 1.4404203320145363 -1.4261775513474595 -1.5727243486612346 -0.6580928005733286 0.6458084028688023 -0.0575411447000299 0.010159395795241898 0.007571325894435237
0.23698287256797754 -0.19259262402474847 -0.21074630687795304 0.9620305398660569 0.775773347286996 0.04699568141940755 -0.14071852216492603 -0.28796130970047157 -0.3044169165260478 0.5025269886521001 0.08307164462518164
1.0407692219833424 0.6944125911171216 -0.13671120901441608 0.4491646631187558 -0.03222190964730741 0.015794258411792318 -1.2236980611703492 0.6420719177448944 -0.4886454213359356 -1.2995033294874605 0.7009275788645933
1.8116776568421604 -0.7142025460081698 0.12921118030195827 -0.5105568611618547 0.3928036803333683 -1.2300488876337736 -0.5780671578261075 1.9224390821838957 -0.9225882524277813 1.559631005580297 0.17993684411886104
10 11
0.6115802746576858 -0.32002889146556057 -0.026670905954221967 0.790540407961181 1.3054585703526196 -0.7677475551370205 1.147359278809832 -0.4333767511388443 0.4490761346059344 -1.4569941358460308 -0.07171598982638484
-0.3595250791561833 0.8455908661172655 0.31273534143274995 -0.5052973411074138 -0.09051579713165712 0.531374759263556 -0.7896083414458291 1.034976359984567 -0.5055094087959496 -0.13297479385222857 0.07075616098154713
0.07011197134840606 0.41218305759975493 0.43560865735132637 0.5295113424157586 -0.2769625140351255 -1.522614202541491 1.439582850886903 0.6751200486522048 -0.2074837461573802 -0.7796098483484496 -0.3973372051865071
-0.5734630232451354 0.192006187441894 -0.8143601947031582 0.07308169337651418 -0.011559150419840604 -0.20417486822298783 -0.4520217974326548 0.13342156563353463 -0.8890346965036275 -0.0029829685788596394 -0.017382040058917688
0.2576191561595808 0.2547773099934359 0.5486692665652427 0.6602493770998972 -0.8132406060198406 0.02613334061781402 0.07403777956436765 0.304318287965001 0.1371123395473057 -0.6243765193742599 -0.0056086011694720245
-0.10200145758397387 -0.32223596007990557 -0.48043513611717775 -0.35389540821816506 -0.4310948643608253 1.1280195794479395 -0.8655286012547571 -0.7230702433917028 -0.42159881332172283 0.5853848801881953 -0.19174125572424358
-1.2561813186034039 1.139789774420649 -1.587311833234332 0.36717817866770264 -0.9264814688554242 0.6862324272576025 -0.6999692528745189 0.011616053847610866 -0.407085755065331 -1.3945817598165444 -0.4441062767350733
0.4145138716030918 -0.8789925882698821 0.5133913238478242 0.40643490845366237 0.4325431943492856 -0.6625420734752114 0.20902013236960357 -0.1373680678551215 1.6545966335485776 -1.3114106628650635 0.4098106847275143
0.6347545133004159 -0.08892474879232488 0.3500179590478095 0.8236963314585732 -0.14631753149841079 -0.8150944828877961 0.41754225459712624 -0.07436490163281298 0.5581912197651536 -0.753363373078428 -0.03913957531282925
0.06972464561519567 0.02521658221861543 1.9983853926544353 -0.41258070981579914 -0.8478724261835872 1.4926611567363417 0.888940563397024 0.3288931469845952 0.7001769589046036 -0.40821032607870306 0.15505563386846444
10 11
-0.06719782710241744 -0.04458376656918802 0.7351739536247494 -0.057768306479726333 0.002348746806387616 -1.08250704573189 0.7417051968058396 0.5270632640618977 0.41203956883242626 0.5622973827289066 0.24412144739689184
-0.5147901552067806 0.7268770820026609 -0.17412176193232307 0.6504769027001153 0.13059858268031027 0.054502562388171395 0.3651455839725556 -0.10873552099556011 -0.2567379900834913 -0.07757121328158721 -0.06298783209004873
-0.3684575178746693 0.03040151070818671 -0.6970178971012596 -0.17626834635442173 -0.2139302959291069 0.4687212830368507 -0.1215883952797646 -0.47273167850881437 -0.5090542266800391 0.07803980672158721 -0.12322172070182563
-0.015861181855691943 -0.17273655358825957 -0.24511769618935275 0.8157676440619683 0.15943651794374322 0.23532209287540798 0.014899858415097958 -0.3770113676769099 -0.10936584421171126 -0.860003428419321 -0.013298369459477542
0.1311429883797943 -0.3615075591291944 -0.38971338776381276 0.6453473658187543 -0.377049695462898 0.3419834010588605 -0.14689723284387418 -0.5879148891210918 0.038883876459645486 -0.8692865763830259 0.12319600659933407
-1.3019423260805443 1.1069502437524408 -0.20400955957867045 -0.13262362783644255 0.8378234329852051 0.0063350300587694044 -0.4593369059541934 -0.6922423311271468 0.17881217364436364 -0.06951154130054636 0.20162870139803
-0.1533410732245186 0.4977516803185706 -0.36919887697480547 -0.3988557401018812 0.5258115896113486 0.24836381101838056 -1.7050642083921086 -0.5356874675039346 0.041059367880048256 -0.06694496463759955 -0.43992772875935054
-0.7280294362310651 -0.1251548494893789 -0.4063299542038039 0.21424117650225383 0.2323469083840685 0.02873405761409262 -0.24842261099313498 -0.9295623049020723 -0.33151639066011107 0.011816494516972045 -0.08043212847457036
-0.2836207864138874 0.099896063971332 -1.4110472769711286 -0.429348244957331 -0.015498878324020509 0.42435653566116477 -1.0733635664611523 0.211772543842385 -0.48288748238002605 -0.8250508290267731 -0.36603497504335913
-0.19697120432558107 0.5787741024875167 -0.07424494754740472 0.5979822708245345 0.36760470240109056 -0.27634531913137583 -0.36523622179294646 -0.2871820856764355 -0.13222861620715 -0.09173181398715466 0.09039411707671095
10 11
-0.37614478891870584 -0.08165547174920357 0.41481244585848104 0.10175963960813199 0.4523260871930857 -0.9704509566993396 -0.9566836548421853 -0.17729316089255368 -0.054037783060347816 -0.5503867426967394 -0.0663739923241304
-0.15668465438134013 0.12285460177772319 0.10715944444046169 0.043140135149523105 -0.13223712067936025 -0.1557457321189943 0.19726268000818575 0.3754061118830727 0.31067713286447934 0.3882528648535334 0.06920836635617811
0.13948563353148385 -0.16900119992741905 -0.37813466224236153 -0.37689081039940214 0.19400526536271887 -0.060326614962678375 -0.13964960166614165 -0.10127118940327794 -0.19066608421640022 0.005520908765688711 -0.023529014145300335
-0.07157063488873461 0.1164172600547348 -0.12010601196878175 -0.2548082533133451 -0.21621895324487012 -0.2990398244913659 -0.39639676354682857 0.035808171626476704 0.1457662180392227 0.07355668178089445 -0.07342362956098435
0.8968430491224889 -0.2157950500122156 -0.0020932526463868437 -0.3502212357723786 -0.7482346445250551 0.5550196889192501 0.04875232865897268 0.05946680916306486 -0.4579222070123874 -0.020489163704974462 0.043244410665007234
-0.19745904800398204 0.22231182214512601 0.3916948958264131 -0.07283214447152131 0.0032981185488050566 0.08643433934219016 -0.05246443150665085 0.34545073311578567 0.30755821569182495 -0.05053667037363127 -0.06999482313998934
-0.15528045528782602 0.3465345906421615 0.1063647292945823 0.0637772002185761 0.2513270528840511 0.2900116784342005 0.24472011219489354 -0.10516506089356475 0.09160370862840025 -0.21228648882224763 -0.0394248063817789
0.009478574560386492 -0.2568538081829666 -0.21330849741659363 0.10665870166474771 -0.3237755498094449 -0.32240095180746264 -0.003743245993380375 -0.38307677140336155 -0.5429192878946764 0.1370885593072614 0.12333605848686363
0.36443935515427184 -0.5497401590121652 0.04565670846999782 -0.4748587854014994 -0.2385578321347803 -0.012384826054382684 0.15820144794803265 -0.07371636909188174 -0.17070879150264995 -0.2440634562798891 -0.2956040382441231
0.09793692327404417 -0.2572617564099297 -0.46514660495282606 -0.18553341423816885 0.29550074202755017 -0.1693523218875441 -0.21366958235291472 -0.3630493858572352 -0.8266099102488614 -0.019770888151368356 0.0879751038482529
1 11
-0.38032482282475516 0.06672952594230244 -0.04826374377972693 0.022416175488039074 -0.41270043502512344 0.025347061265811197 -0.008018582586432886 -0.06182832700189943 -0.1923285082236758 -0.20127398583496167 -0.030486120415047172
