2
10 3
-2.1892567797385545 0.9941739027102026 0.6087635313655342
2.895780855921965 0.5899309158834616 0.09196054367748945
-0.3571672380326321 0.7555739010935101 -2.3469162265809644
-0.010013084493243984 -1.2463134647316885 0.2429791465840835
-0.4713187779736565 -0.550856034145736 1.0229318115089212
-1.4960569074725796 0.6206320928476264 -0.08446707142599452
-0.6649499154964821 -0.03130705340125812 1.3854920085247717
0.02698506458626325 0.04362886871807904 -2.1064183286845513
1.5206468615805824 -0.5309144085790397 0.1330807902686507
2.6677353506975363 0.9248355257464744 0.2894420230185965
1 11
-0.33532313609800213 0.6955245339357423 -2.11673485790828 0.10276134623032764 0.752177627716279 -0.020579107295884205 -1.136097597170379 2.382805661783154 0.12319549659502575 0.5489089852974873 1.1812216117743983
