4
10 3
-1.5731381718420572 -0.9188704183945081 -0.1389391139290743
-0.5524701510337976 1.5637191062594504 -1.5390365051174533
1.310874956457709 0.8108353558971668 -0.9632681716192157
-0.5505189476239323 2.5385469471199014 0.265735220928291
1.9394259012692925 1.4895520863094909 -0.398789327756272
0.5036604272511129 -1.5873137792657699 -0.8497693634599619
-0.5252399624961316 -2.688783743434261 0.20764354507860885
1.55499074477064 0.423334811500368 1.3132826766660208
-1.3306923237805945 -0.3021411478317914 1.0955461750286664
0.5298442564602796 -0.5955354151191223 -0.5974993361535599
10 11
1.7374458627208804 -0.5685308022430573 -1.6629642529175634 0.6161926080694096 0.4861355565437597 -0.013753514833291527 -1.4413844629794608 -1.6877274312293098 1.3556394142747428 0.1676456798920308 -0.1587921691477713
0.25504583373463197 0.8243562703033522 -0.2948405844926015 0.8648259501837963 -0.05151097749968087 -0.27184996797912986 -0.7631405896571944 -0.8143148126597094 -0.8402969003856783 0.28905166820228567 0.37041945616954874
-1.8208634748055086 0.10422936962341656 0.473372938567034 1.1513912432713607 0.1048639968749877 -0.07071201016052851 -0.8107118693739759 1.5873946331196485 -0.7874064173378768 0.48112914594014666 1.0536544268784191
0.22102832827292868 0.44291689959187897 0.015818114770026377 -0.0031744731704282207 -1.189057471182524 -0.3474542175121804 -0.09913885931698331 0.5380301115253362 -0.6894350156564724 -0.007157291813363594 0.34245767395269033
-0.29222949306346246 0.2098952976689265 -0.6893959353755033 0.25857509353136693 0.30888948380206943 -0.21391910773907052 -1.6108982398749299 0.6801445730314799 0.5297574566262377 0.002700491762835984 -0.5142437809233994
-1.0910066206103355 -0.09074741192774483 0.7561830504490799 0.8038469737061263 0.3697545117176345 0.08469711981527266 -0.5535357816817525 0.5005221951584061 -0.756766544405738 0.39350033455133815 -0.24849923134483132
0.1165486832409974 -1.3731612927662555 -0.20355918463341427 2.195387377642479 0.013122546040772514 1.1094575293797868 -0.1444658910318831 -0.29372953554890713 0.05200380722864797 1.00853862095745 0.08185447178253102
-0.009360122406057277 0.6162287020903713 0.813164518926492 0.7477108460145274 -1.6471419235823825 -0.5180977426160498 1.4418389005296997 1.3806754414214812 -0.8827173739836964 0.17248680881681458 0.05583226235941298
0.061806565586895686 0.6907189683353947 0.060830498875439884 -0.3318782034565445 0.15515948326061235 -1.4667975960292658 0.6993283308158326 -0.3840821466764167 -0.05151247286918363 -0.4726004786138196 0.07472229404836978
-0.5107109360475728 -1.5481338340589532 0.47687780849815486 -0.8723521095951091 -0.9943554987723262 1.3683008795373128 -0.2924164936649578 0.3838567724585045 -0.3618365608299187 0.8280813069507766 0.2529317939901123
10 11
1.2492426016089544 -1.0731864633590527 0.4973210856686188 -0.772973487564956 -0.20961123685678093 0.33949200996334045 -0.1503851939701179 -1.5020014993054571 -0.05081664797244341 -0.4576643160566345 0.006429474131102389
0.9180166699603312 0.6253259034211057 0.6015925311830743 -0.43776392829272626 -0.05521712074923537 0.647852149020375 1.3229071371219758 -0.3757253747304818 0.05481243901233132 0.7274735676967838 -0.014754415901660914
-0.10356243251203949 -0.27948611170874393 0.17246695576348683 -0.3268451762137796 -0.8541048546987984 0.5649952691099345 -0.1856279183979945 -0.2528192302855372 0.15810821467253006 -0.35095412583785474 0.15911973268666066
0.5050377005635093 -0.38015078588081697 0.6373671432781416 -0.8238805388970012 -0.012179488596964456 -0.6625340305958266 -1.3560555357090696 -2.091160124272638 0.29377811589108993 0.3435011794912104 -0.08267417744626927
0.5847150298831918 -0.48454433938399066 0.4206875803675355 -0.2201505559939277 -0.5301138106930842 0.17562944785925383 -0.18365272859687468 -0.363632669192013 0.3795944709718107 -0.32770098827078226 -0.34420997769321465
0.6820171113330656 1.5537163976368662 0.24797795679300755 0.9113791273340811 0.12780297799519 -0.37551252649898825 -0.5984502071025455 -0.5047279324941004 1.2331981584490768 -0.6254095104556101 -0.05752521086800687
-0.5909335860935041 0.5921491071068228 -1.0093870422589597 0.06405269996690159 1.5445482719214523 -0.3603585208344869 -0.9498792665483528 -1.1611246230340662 0.40379065792603375 0.9248998575884974 0.17657770636974285
0.022349129069660037 -0.1428748638359656 -0.10517531947841444 -0.06763075785236135 0.3970437360713295 0.15102362708525943 -0.24664720509038698 0.08111568085834736 0.27066326757041864 0.2928367064299409 -0.01704488009901906
-0.5674895814020899 0.33533696529292856 -0.17249528821346 0.31139954197260655 0.4230825573306282 -0.21835083378348266 0.21858989372731216 0.47542135914430855 -0.0017316275864219354 0.18930735511442648 0.0843412534931002
-0.13859072970365025 0.829517010986235 -0.05917206365339277 0.21669216535078803 0.8265542921614815 1.168907564302878 1.6989759434802372 1.305809793056096 -1.2285801510339194 1.5272675384160534 -0.13349245170638008
1 11
0.37913119116792016 -0.5014242384076635 0.179016586297148 0.2713443749509 0.0818029182281193 0.4752914700864345 -0.34127737074784265 0.014482070636700184 -0.038571554402548655 0.5024156745695727 6.206685283307304e-05
