6
10 3
0.01928666070157088 0.9389410541941552 0.028492772904540487
-0.01275584374075131 -0.5218018896122434 0.22569752646274222
-1.060346895504903 -1.379339478738258 0.046234118563268006
0.5665421397427302 -0.3206585398559796 0.4262102626677773
0.34242037474753023 -0.7320035910285685 -0.23691373909054617
-0.05690399332911879 0.4746523177267781 -0.021084422603359146
-0.03296726180957911 0.5877108648761572 0.39484389244530627
0.002207884763511822 -0.4819965520545394 -0.3565945652223107
-0.09413921835783108 -0.5511875771203999 0.4354854539263426
-1.1514376877399428 1.3794140156636812 0.0717120013319558
10 11
-0.014577158356481794 0.1274761141855351 -0.08966241471980332 0.03399754643140325 0.2373246024639204 0.15186628239467656 0.07445185037327338 -0.2656545105706666 0.20895930629477114 0.2249137414401088 -0.10891325454995283
-0.1535071794916346 -0.14145503100918816 0.14045096656911543 0.05451437640400239 0.27325668232409744 -0.16497893763530866 -0.10938853246654352 -0.2119516301098851 -0.19042515852729416 0.15305011389462525 -0.23162848458839871
-0.08058866864264455 -0.05093843861616261 -0.3989824627301244 0.42474845737756334 0.24266842934565305 -0.051971899803467926 -0.3022341892709107 0.07940662689148292 -0.22539859853864694 -0.03073455518446691 0.05819803184445317
-0.10990437997835306 -0.4948570111907258 0.09189554053680929 0.08205059631694285 0.3712257242877295 0.4451151977854893 0.35381807485889927 -0.4836710687093553 -0.34855054962800713 -0.5130438017701193 0.008918311284800792
0.43983710701345863 0.27870481872950936 -0.45058937154323053 0.0024935338205971276 0.4454461406151776 -0.45875835845117213 0.03295916249058327 0.24633247070368233 0.191929455119046 -0.5642426109564348 0.10434969230263148
-0.00963336782384589 -0.17742379176155712 0.38616998792166063 0.11217685911494225 -0.16365896868183585 0.2909967484981894 -0.11200011556642578 -0.04674815985071443 -0.3203283712496042 0.016040148006148655 -0.15702251060193456
0.025007385532539384 -0.018216456221761334 -0.29936485445620437 0.02771805060360463 0.05529898981977985 0.31686253347358273 0.36598068875167017 -0.37554052218923556 -0.34702755328701773 -0.8127387377622001 -0.11725896281213732
-0.3624382263902745 0.085445917922339 -0.1963364683796116 -0.3690219038193177 0.23926271934305832 -0.07022073442917248 -0.18060782263614708 0.3491027996458129 0.31215126286908096 0.35214033482132173 0.11846543676195044
-0.4372028771934509 -0.45309791015436784 0.18670713129891953 -0.2914949395507254 0.03395026266725203 0.17270772079510813 -0.08527601820463522 -0.29701556614074925 -0.2940541721153984 -0.27042107592449394 0.16110053387164477
0.22987669984761394 -0.1449074813215049 0.31106334939430436 -0.20580598520525673 0.15083105686034048 -0.17977486366221757 0.046502390650166675 -0.03771031501530417 0.0537138963022898 0.08346240159315392 0.13728992193159087
10 11
0.2607815099831458 -0.03890966267028798 0.6972595472317518 -0.9268977842165432 0.31966052955874386 -0.36132426866358647 -0.020900631868445096 0.45236466650570434 -0.43037324409519156 -0.404729755552347 -0.04963800239733538
-0.1266879275561244 0.32812889753617974 -0.028217440465553828 0.12332199746657477 0.06785970010357932 -0.20267384238862393 -0.2808077455323448 -0.383253042408685 0.0914575150220756 -0.05110239223353649 -0.047266699899068315
0.2200687344250177 -0.1946374923017085 0.16989152651744505 -0.9528653875032691 -0.01554370740038563 -0.12943476400422982 -0.4269499438521002 0.6991484334229562 0.02479036245525866 -0.3501144231599792 0.02009428795840139
0.07768992888424572 0.23931543473272002 -0.31062772498634567 0.3144047913628976 -0.1622591665964883 0.0466837240882425 0.3863822199322146 0.2792997610571776 0.37851327908166604 -0.21776438169956655 0.17702621528965679
0.17625688851855356 0.1433820788599025 -0.2868689743822568 0.03492545922204828 0.4416605433839087 0.21449323454219504 -0.46470340046745623 -0.01586867247441181 -0.405092754293997 0.1855148981930521 -0.061754937557762735
0.20240064960116697 -0.22359999000064817 0.13330261494316403 0.10810428062471089 -0.4300149629417067 0.16600334048121052 0.44908522734300393 0.18356490676413045 0.023477200541151794 0.12597637202951323 -0.050706206911779884
0.15581245674565902 0.026041604113732117 -0.14371217198062777 -0.1582262726920068 0.46790340437495 -0.3586850626567898 -0.43238795483531467 -0.0012501009964828043 -0.1478947338013402 0.01837489982001313 0.15626098560980836
-0.25983709746417955 -0.11322796208573979 -0.1682840666599021 0.02830616894199545 0.2457766007091612 -0.33438084709713833 -0.08147399620401262 -0.004175525292483892 -0.34350394462903455 0.29762389448451315 -0.20941776610885945
0.13044124970014093 0.0657677150766468 0.4640694288290075 -0.29689773752151105 0.41920128286542685 -0.238953826344972 -0.2019448162930641 -0.07690716171230319 -0.33825866397986837 -0.27600081469609766 0.029428610527973
-0.11802573803618438 -0.27374804387893675 -0.23159463753583803 0.29948610674891496 0.08858308826631318 0.14508014745697112 -0.20055971086370147 -0.4609803434122225 0.1742759581174034 0.26864128652654234 -0.0630789561812704
10 11
-0.48764865393583406 0.17030347954700276 -0.021561073516964742 0.13562561104729534 0.09017117659416543 0.006548229648451946 -0.0518166215551188 0.021082683908085396 -0.22276901264137222 0.19222186211390171 0.08536075504534604
-0.35724498316178704 0.09461711977600101 -0.16578829535419157 -0.15313315789124587 0.4695441358537563 -0.17111400318589712 0.21813013816282825 0.13981884693923646 0.3034403471903741 -0.0628791387353256 -0.15218704621653442
-0.16980725345219275 0.2375725172275756 0.016009027530712653 0.21186296700290286 -0.07027922403808452 0.2416511493703102 0.1225116075451063 -0.26337175630776305 0.10199388172693083 0.23383111543054125 0.19059237073245103
-0.22989191334150283 -0.16001429633440012 0.34124975872213087 0.21240309061752505 0.14519829112538885 -0.06965132892718079 0.31891210964527267 0.052599807072121675 -0.06822720806527521 -0.06408849433278237 -0.021673886045802313
0.04896243695158809 0.28500168864906256 -0.1385190290024559 -0.37352538340902125 0.12883516719616064 -0.4082999500476911 0.5526510232576655 0.19743657360710845 0.594027634169172 0.21173772943502556 -0.12941316804980446
-0.255328505268602 0.19378444880190884 -0.054269394155390206 -0.310571209133554 0.3028144993953283 -0.3847565133986979 0.3251899853607873 0.2019986430335252 -0.015938947987943975 -0.2676550970373466 -0.08071397467841962
0.9545348871962962 -0.39174955178069404 0.9986382201750014 -0.10934420316224004 -0.27454517753906793 0.08354187418264056 0.30513549031435033 -0.02642701683054317 0.414288871664847 -0.3831646190179283 -0.09374250700845262
-0.29602276051587956 -0.05496323283674818 -0.03035391542175634 0.019911881566235284 0.12002374117478445 0.21656358362003653 0.12434493879227412 -0.04275498368498282 0.16513715643043408 0.09337387259583749 -0.21494752872852346
-0.020970156422277775 -0.15414751345247193 -0.11141652633556719 0.29874978064409 -0.47854421877231007 0.30112958320529415 -0.210970781052113 -0.27484971870092045 -0.09263070080782418 -0.052001605767415846 -0.0023329994458014215
-0.60633565585956 0.005593518371831756 -0.3530770358232449 -0.24804154566222672 0.324341849787964 0.08972353910113438 0.21198289674175902 0.1255685707613767 -0.4098316123440523 0.2127476127313916 -0.06475148669537033
10 11
-0.1337951494780866 0.0841012316058871 -0.26820544569445526 -0.1508948126847973 -0.05235693876803196 -0.266940969838375 -0.22730229985023936 -0.24419606906422262 0.12611113353141473 -0.07913283045514417 -0.1698409767225326
0.22712287407132858 0.24443732822438788 -0.3081823464090415 -0.21251041804164203 0.12010724575709719 -0.11046285821075484 0.09533241450337243 0.2308892759955111 -0.24136569840909855 -0.010601239825651117 0.14669239720909188
-0.004290901775193471 -0.3362270904534058 -0.07511123275274383 -0.333784612951888 -0.4950959163844121 -0.5008387868101621 0.32349169559307667 -0.0753713203573105 0.4755370872660616 0.20602756882359136 -0.19562517680604372
0.34209909474715494 0.008517030116879055 0.051232598268288784 0.00160489692334859 -0.7536669477094565 -0.17367146727935986 0.4609473586682712 0.18684568623808992 0.3588051292518522 -0.12438457881018056 -0.1380592611475552
-0.35988150686747317 0.43613380193252643 -0.20278948037538022 0.07083113637858647 0.5533137887528098 0.2005349034235284 -0.4815230422077979 -0.14675814877430238 -0.08371346356065475 0.02019205932451802 -0.035707706736912995
0.10566970146498895 0.13353922132271193 0.036169856009307486 0.24467845015540216 -0.10648321385997626 0.06470347216049442 -0.13854268539083348 0.06668980752529108 -0.09349891644627882 0.2467663986924154 -0.24483993020615508
-0.0011409187249240233 0.17366012719582175 0.17629929583799445 0.07370075491858061 -0.06982825341979465 0.29545802993349946 -0.2722994837787421 -0.2555894493601693 -0.02720073853517751 0.22352253539234795 -0.2778163625390868
-0.026597305337382006 0.16578684189965165 -0.19893803287850986 0.05848213829662595 -0.052977947337560505 -0.04269267487218183 -0.12811299716918417 -0.21708654734685087 0.2954511150784277 -0.30973052979064497 -0.01200638317013521
0.42478978475716384 0.4662188255720992 0.0329376375568881 0.02814514807941007 0.14621030866924406 0.20759529108487826 -0.8335010477196565 0.09235561515568677 0.1656039155320669 0.6155691499103109 -0.026893956450962514
0.22143732302102054 0.0791759727560716 -0.10151020858817356 -0.06701251125272015 0.0963955885806195 -0.09104954167117935 -0.19072253803647485 0.09401136618581576 -0.27021332100354895 0.03460689801665116 -0.15306853914911517
1 11
0.07770953481218162 -0.24685000210189495 0.9326252389887725 0.9152613088572357 -0.8592729100879969 -0.13335230916796031 -0.17903690751226312 0.10007833987919473 -1.0880454831171524 -0.2879746808338291 -0.05442572346171986
