8
5 3
0.10992539569916211 -0.4902560514832829 0.1117485510255074
1.0169052414072641 1.3756187056863183 -0.11478075942005694
-0.9972314317833996 -0.5216619112985319 0.018951431518015677
-0.17639221236888536 0.8040472643734404 -0.0015433579215990924
-0.838847187782753 -0.030289796340871946 0.1619982980892616
5 6
-0.424381593644329 -0.11333133829144401 0.5392648552979105 0.7196289302650263 -0.12807699820526103 0.030334275073932403
-0.26200723175628077 0.25285748218878923 0.44425355679272627 -0.634172797450787 0.15228230929935 0.06689986947328563
0.17420303582870406 0.0005771210500771707 0.040140637824683585 -0.555187650390785 -0.23597705035593988 0.046457581024246325
0.5932060436066379 -0.04665071655433256 -0.6997219035777653 0.07175485682951972 -0.4448072927174375 0.026785960505312994
0.430294434186526 -0.45107728092294186 0.05747733268302105 0.1900110005140389 0.5121844447201758 -0.25301380310671656
5 6
0.15877688072020973 0.6591165613673312 0.15979775521226833 0.5733049059833133 0.2269445223784623 0.19272325366682913
0.16472195349690338 -0.7688514515709153 -0.1385046728342643 0.3845993282941931 0.12572208031836898 0.0676799265017018
-0.4877148211797687 0.17692915723259162 0.035671556275768054 0.454198682738805 -0.4778176706716576 -0.10038496964594892
-0.23197976843625415 0.5597923961238639 -0.030034080697149274 0.016315876748150146 -0.232877321336299 -0.2561230448967115
-1.0822202157071044 0.4414031161819482 0.5286565938486513 0.6312613395367034 0.36821015477502794 -0.06763545793023026
5 6
0.010009010633016372 0.24115503001689573 -0.25926024683479976 -0.17167675398567953 -0.8276969429274197 -0.09310629682890878
0.3753325170929484 -0.6091552839190895 0.21640741875247563 0.5077423088459249 -0.21496108875736938 -0.030781642708699743
-0.19019189765453037 0.10367979340904555 -0.5372514998273372 -0.4809706429894781 0.08701529385478024 0.13132367727215452
-0.760033972923758 0.6407631859909745 -0.5912644301582571 -0.4805419680087774 0.5427340313267527 0.051359752587523004
0.19115782596623315 0.15096103706533617 0.1439908850229113 0.26155951467433747 -0.20992051250021257 0.15662855016652
5 6
-0.38166443459190436 -0.8996580897221794 0.54810754359485 1.1029587498973472 -0.012521627654013899 -0.1626153437857028
0.5399859214073746 0.19719142532118375 0.14598983762159293 -0.4460477894130476 0.19750688281408887 0.04816555687010576
-0.28956468088183734 0.14577848687651282 -0.4236588493411224 -0.4951233736827685 -0.16079080428331607 0.05212303031473484
0.19942333033244752 -0.06551375898475988 -0.26819602990443875 -0.43889185680683673 -0.11692992633180956 0.16426672395437952
0.40360857423574537 0.1589675089594659 -0.35127117984649203 -0.12089763518418532 0.0995726837828562 -0.20341185375793966
5 6
-0.07462969453146599 -0.46624641643164744 0.3896875244705523 -0.2436977770305238 -0.3313469123795552 -0.1930735914634595
0.0590237374405243 0.1072954350092384 0.18717515089334325 0.2321334972559836 -0.09165039679914486 -0.022639032631912113
-0.8516142812317105 0.30230337290707165 0.325407220741374 0.1450578107882602 0.07898875899286867 0.1390181872103101
-0.94160178048716 0.21858893313921293 0.10054327164325023 0.022742675146696204 0.08720067427441283 0.04503927033295763
0.76360143387328 -0.3396627160817843 -0.4771584976777236 -0.355575290099572 -0.4414635661656211 -0.16090483668967376
5 6
0.264833092310962 0.20123865057974677 -0.08994969369323308 0.020593671399538483 -0.02412379143498242 0.12658550889562048
-0.060937337031027675 0.3551265687230112 0.09682440921136232 0.4953819904433864 0.2283629337383565 0.021164863186859215
-0.019555754665862863 0.04961080475965625 0.6590614619889064 0.6791984185735617 -0.6693019770601505 -0.09474743073071533
0.23271061777666532 -0.2625475687820191 0.5706149683384335 0.30880300344833467 -0.5849324215115921 0.02897788517090754
0.4213323597150302 -0.11131099213585657 -0.4720184249164785 -0.5916100573095782 0.4928761535295501 0.1290425241395254
1 6
-0.13840513613629807 0.21182970744059912 1.1331855665563406 0.6503723122121379 -0.8483409697677672 -0.154723563243124
