4
10 3
1.1560681216041275 -0.5122508186060082 -0.20046786754730073
-0.9819924707531973 1.1920248607074106 0.19086704479546493
-0.8674316467115161 -0.7778566178226776 0.27551247150751984
-2.4029170071522765 -3.023539796813819 0.15509750964360705
-0.5398751810790415 1.0475081447209091 -0.5019110617188728
-0.8920868994247599 -0.7823495697534754 0.7105179387414486
-1.110187180724738 0.4023556209755375 -0.20270145081015317
-1.0615493099864746 -0.5333497441177111 -0.5900453731135689
-0.43974866941143537 -1.212208888136813 -0.42217068570801136
3.282925057960071 -2.720358884896894 -0.12014060206361342
10 11
0.714140083733799 -0.4559411277958643 -0.34142452438301885 -0.9142118745325803 -0.18733672721145087 -0.616824878499472 -0.6882104922440389 -0.5716424685775223 -0.04283199262521517 -0.2549347070630017 -0.007146011179890612
-0.5105888975034563 -0.2578416326797969 0.4424958792055665 0.2719286907226436 -0.9601949311306602 1.3978216267431665 0.7313762328074674 0.9518049476466376 1.6076322325365024 1.5893614173357788 0.038150636115430146
0.22331356283707302 1.153826019455687 -1.885631461911936 4.202312354993798 1.0381224828816185 -1.5210104611566786 -0.6442744635629054 -0.9798739242512142 -1.4424430448210646 0.09678426271967264 0.21006508159745765
-0.6610504384536521 0.6260568256578788 -0.07885448550196232 0.6148213381906641 1.005787073549085 -0.7722289664044256 0.4091710006164039 -0.07574577399833761 -0.4553715332525756 1.5815126490313898 -0.030217833886913546
0.6227605548803734 -1.227187737660644 -0.13060949296466604 -0.7499730423598542 -0.7599664539608667 0.29889185285498077 -0.4084281919393703 0.20134067780351875 0.9402619034618506 -1.8228229588730338 -0.01958304755988967
-0.7258631220277485 0.9331623991183049 0.06846728017017417 -0.3446126542943015 1.3067763881593741 -0.3453021680461485 0.3528603176467262 -0.029627885263915542 -0.705681939658267 1.4751850412295717 -0.01773643285014395
0.7778624574225002 0.22156345135171213 -1.787681224361536 1.5132573021673676 1.6784447097242992 -2.141314817459714 -1.5178283478042702 -1.8981215335853083 -1.7816981419291582 -0.942856314392029 0.2740879946458762
1.225087141997229 -0.8157096216650574 0.4983985848257456 -0.4694697091691181 -0.6452228129256826 0.5090278727965002 -0.9707021512994124 -0.14642372428463665 0.07302367878236449 -1.958899520311454 0.2910647689628813
-1.5053840114603398 0.4705264397650566 -0.23484514506365406 0.07485439992837392 0.3093660091449916 0.5291696019368645 1.075522149842546 -0.200630544095549 -0.7894604988517822 1.6669561024823425 0.49520326643329443
2.2854697793723706 -2.863525758975706 -0.06481096896752057 0.09417336858510753 -1.8159362875128087 0.2965680974992912 -1.6746645785160477 -0.751565059596081 1.067499631532596 -2.812366625589992 -0.39170918150899614
10 11
0.20383930113910245 -0.09899996952796922 0.6167499967700949 0.26505205858060715 -0.843087103182351 -0.2645455094971632 -0.25478146191325834 -0.15237419481109277 0.2359014709758533 0.2571091928708723 0.4315539604267518
-0.9643964796089781 -0.07383519910938545 -0.8617473126742052 -0.321903643860125 0.4707681803183524 -0.3206377940939139 1.0370085245212588 0.13787688446889196 0.14564442545425846 -0.47386624057836874 0.07469100585053312
1.4361062491727319 2.3784968960539974 -0.9404721413587445 -0.16732963108916862 -0.1550530127890152 0.6123647013159361 0.5631092949994584 0.020313268544625947 0.09562597829289492 -0.6963490632627 -0.030242383193545913
-0.08120258804905794 -0.4070702865594052 0.11754835737531086 -0.11576196009656163 0.0704283038989192 0.0599049900264364 -0.2020977245621477 0.06057515123335396 -0.006147004662674767 0.2989888745823548 -0.0571127579817767
0.13768327554329945 0.568093559036348 -0.2694999463049565 0.03908577348754508 0.13377494997607317 -0.4934825168297433 0.6668160205003356 -0.111659469209705 -0.00170992572149864 -0.6349049846798202 0.18789302907671082
0.18242899590310882 0.8234734023491304 -0.2014258881142975 0.3794236287148714 -0.21654025409775818 -0.5036400806684981 0.5826639700886055 -0.36358104594743756 0.25736149034498246 -0.6497716811106384 0.053390968151990216
0.06888643110444713 -0.6129553913586948 -0.4425891604446231 0.017815907664862508 0.22343325515428888 -0.062098619457594505 -0.7021102345316628 0.11919940770854975 -0.25325230209199334 -0.06951153002482859 0.04069661202893543
0.42430500156141787 0.05151354287671468 -0.7691914068935659 0.5696498111139736 -0.09065150563829326 1.511031892558191 -0.9711417578847004 -1.1959117508750292 1.4395365864331104 1.7195639157533997 0.1734297090769489
-0.17954728797299696 -0.5114943347546644 0.1590943488291142 -0.06867984539016998 0.22325559057432898 0.04183159006723522 -0.12484623959475223 0.029246328626295916 -0.10590352823977327 0.38043225312462486 0.026466942975754165
0.35445848155923676 0.39013851143113876 0.03513056512719243 -0.2017766482075865 0.24285030626777665 0.13524322279337633 0.10020035535855401 0.2665759369052417 -0.30158228535667164 -0.46881856354154805 0.012505012834369032
1 11
-0.18769653970170327 0.24012436215498453 0.2928194541925811 -0.013419798841091322 0.06471266844815886 0.027422975576535037 0.12777998821433986 -0.2802021759735207 -0.019039725473902116 0.006795584625972844 -0.0326335354137882
